0.05865278224365354 0.4143809381516681
0.05896196203124586 0.41410161543141066
0.06418819005145687 0.41777436046212885
0.05895702040749348 0.41416738431024913
0.05727189272039856 0.41273723917968685
0.05896196203124586 0.41410161543141066
0.06516105440430399 0.4173412977597408
0.05895702040749348 0.41416738431024913
0.05739148668089808 0.41253688025785346
0.056523753142826594 0.4118340220588956
0.06424862018496141 0.4165776512242025
0.05654615067867848 0.41188257703365133
0.32339836148079754 0.6126671626694593
0.31135391274456875 0.6058552422885907
0.3530531349526379 0.6346108181787073
0.31121839407511465 0.6071289641218863
0.2967168648095792 0.5978236048133493
0.31135391274456875 0.6058552422885907
0.3362298080353035 0.629191416191539
0.31121839407511465 0.6071289641218863
0.2910864569476847 0.595119168207255
0.2834126258216449 0.5901873120785657
0.32445772323485056 0.6224405695174606
0.28333742728446476 0.5914570246501054
2.1110936454681277 5.943332104077981
2.368472000563559 7.403108444752778
1.9820793914822947 6.789177054181159
2.3461713172475958 7.41282873990918
2.594432451927639 7.863226238965225
2.368472000563559 7.403108444752778
2.359669844076171 8.921706426397202
2.3461713172475958 7.41282873990918
2.7845965677299773 8.880785122685287
2.8202574401698133 9.343407272050484
2.5279724048886307 9.8938226482249
2.762472203587874 9.377924414440338
17.223624852736936 116.3213044687115
25.557782839454173 189.84270916104202
18.499845999277163 153.754881833292
26.254412435924475 184.27008151882615
33.37381539286666 228.12070412025562
25.557782839454173 189.84270916104202
35.52413639906399 300.06262213446433
26.254412435924475 184.27008151882615
47.69618550384915 368.4429031401381
48.07292681273539 320.96687106419694
48.45856206394497 371.4366592233538
48.848652245673044 323.55078029731607
0.9918997175658306 0.9987435969844743
0.9881703443813683 0.9981359349753237
0.9903090155443475 0.9985924868084309
0.987741647869508 0.9980851260765762
0.9842229578822748 0.9975658869391898
0.9881703443813683 0.9981359349753237
0.9812996920299738 0.9972281507689591
0.987741647869508 0.9980851260765762
0.9743691449336691 0.9965218429836393
0.9787909168710345 0.9964948785138315
0.9751343319075214 0.9960675051488406
0.9774703301848092 0.9963979081015335
0.00344014886492144 0.17171156190345657
0.0034765129665740788 0.17148014790290392
0.004120123742081948 0.17453541625954078
0.0034759302553296033 0.1715346222263936
0.0032800696957768416 0.17035202860567003
0.0034765129665740788 0.17148014790290392
0.004245963011080664 0.17417375881578467
0.0034759302553296033 0.1715346222263936
0.0032937827434437014 0.17018667757288253
0.003194934669351199 0.16960726172520688
0.004127885195671432 0.17353693949947327
0.0031974671565758108 0.16964725726388172
