10.0 2916542.0
13.6568541527 33182.4107592
0.0224225594473 0.798769166796
0.151662349857 0.999255696764
12.0 5501837.0
4.39696884155 3654.14624023
3.67265200615 1981.43127441
0.164323982846 0.981922834162
0.0586527822437 0.414380938152
0.0589619620312 0.414101615431
0.0641881900515 0.417774360462
0.0589570204075 0.41416738431
0.0572718927204 0.41273723918
0.0589619620312 0.414101615431
0.0651610544043 0.41734129776
0.0589570204075 0.41416738431
0.0573914866809 0.412536880258
0.0565237531428 0.411834022059
0.064248620185 0.416577651224
0.0565461506787 0.411882577034
0.323398361481 0.612667162669
0.311353912745 0.605855242289
0.353053134953 0.634610818179
0.311218394075 0.607128964122
0.29671686481 0.597823604813
0.311353912745 0.605855242289
0.336229808035 0.629191416192
0.311218394075 0.607128964122
0.291086456948 0.595119168207
0.283412625822 0.590187312079
0.324457723235 0.622440569517
0.283337427284 0.59145702465
2.11109364547 5.94333210408
2.36847200056 7.40310844475
1.98207939148 6.78917705418
2.34617131725 7.41282873991
2.59443245193 7.86322623897
2.36847200056 7.40310844475
2.35966984408 8.9217064264
2.34617131725 7.41282873991
2.78459656773 8.88078512269
2.82025744017 9.34340727205
2.52797240489 9.89382264822
2.76247220359 9.37792441444
17.2236248527 116.321304469
25.5577828395 189.842709161
18.4998459993 153.754881833
26.2544124359 184.270081519
33.3738153929 228.12070412
25.5577828395 189.842709161
35.5241363991 300.062622134
26.2544124359 184.270081519
47.6961855038 368.44290314
48.0729268127 320.966871064
48.4585620639 371.436659223
48.8486522457 323.550780297
0.991899717566 0.998743596984
0.988170344381 0.998135934975
0.990309015544 0.998592486808
0.98774164787 0.998085126077
0.984222957882 0.997565886939
0.988170344381 0.998135934975
0.98129969203 0.997228150769
0.98774164787 0.998085126077
0.974369144934 0.996521842984
0.978790916871 0.996494878514
0.975134331908 0.996067505149
0.977470330185 0.996397908102
0.00344014886492 0.171711561903
0.00347651296657 0.171480147903
0.00412012374208 0.17453541626
0.00347593025533 0.171534622226
0.00328006969578 0.170352028606
0.00347651296657 0.171480147903
0.00424596301108 0.174173758816
0.00347593025533 0.171534622226
0.00329378274344 0.170186677573
0.00319493466935 0.169607261725
0.00412788519567 0.173536939499
0.00319746715658 0.169647257264
